[header]
width=212
height=14
tilewidth=16
tileheight=16
orientation=orthogonal

[tilesets]
tileset=image\tileset.png

[layer]
type=Tile Layer 1
data=
0,0,0,0,0,0,0,0,0,0,0,0,0,0,0,0,0,0,0,0,0,0,0,0,0,0,0,0,0,0,0,0,0,0,0,0,0,0,0,0,0,0,0,0,0,0,0,0,0,0,0,0,0,0,0,0,0,0,0,0,0,0,0,0,0,0,0,0,0,0,0,0,0,0,0,0,0,0,0,0,0,0,0,0,0,0,0,0,0,0,0,0,0,0,0,0,0,0,0,0,0,0,0,0,0,0,0,0,0,0,0,0,0,0,0,0,0,0,0,0,0,0,0,0,0,0,0,0,0,0,0,0,0,0,0,0,0,0,0,0,0,0,0,0,0,0,0,0,0,0,0,0,0,0,0,0,0,0,0,0,0,0,0,0,0,0,0,0,0,0,0,0,0,0,0,0,0,0,0,0,0,0,0,0,0,0,0,0,0,0,0,0,0,0,0,0,0,0,0,0,0,0,0,0,0,0,0,0,0,0,0,0,
0,0,0,0,0,0,0,0,0,0,0,0,0,0,0,0,0,0,0,0,0,0,0,0,0,0,0,0,0,0,0,0,0,0,0,0,0,0,0,0,0,0,0,0,0,0,0,0,0,0,0,0,0,0,0,0,0,0,0,0,0,0,0,0,0,0,0,0,0,0,0,0,0,0,0,0,0,0,0,0,0,0,0,0,0,661,662,662,663,0,0,0,0,0,0,0,0,0,0,0,0,0,0,0,0,0,0,0,0,0,0,0,0,0,0,0,0,661,662,663,0,0,0,0,0,0,0,0,0,0,0,0,0,661,662,662,663,0,0,0,0,0,0,0,0,0,0,0,0,0,0,0,0,0,0,0,0,0,0,0,0,0,0,0,661,662,663,0,0,0,0,0,0,0,0,0,0,0,0,661,662,662,663,0,0,0,0,0,0,0,0,0,0,0,0,0,0,0,0,0,0,0,0,0,0,0,0,0,0,0,0,0,
0,0,0,0,0,0,0,0,0,0,0,0,0,0,0,0,0,0,0,661,662,663,0,0,0,0,0,0,0,0,0,0,0,0,0,661,662,662,663,0,0,0,0,0,0,0,0,0,0,0,0,0,0,0,0,0,0,0,0,0,0,0,0,0,0,0,661,662,663,0,0,0,0,0,0,0,661,662,662,662,663,0,0,0,0,694,695,695,696,0,0,0,0,0,0,0,0,0,0,0,0,0,0,0,0,661,662,663,0,0,0,0,0,0,0,0,0,694,695,696,0,0,0,0,661,662,662,662,663,0,0,0,0,694,695,695,696,0,0,0,0,0,0,0,0,0,0,0,0,0,0,0,661,662,663,0,0,0,0,0,0,0,0,0,694,695,696,0,0,0,0,661,662,662,662,663,0,0,0,694,695,695,696,0,0,0,0,0,0,0,0,0,0,0,0,0,0,281,0,0,0,0,0,0,0,0,0,0,0,0,0,0,
0,0,0,0,0,0,0,0,0,0,0,0,0,0,0,0,0,0,0,694,695,696,0,0,0,0,661,662,662,662,663,0,0,0,0,694,695,695,696,0,0,0,0,0,0,0,0,0,0,0,0,0,0,0,0,661,662,663,0,0,0,0,0,0,0,0,694,695,696,0,0,0,0,0,0,0,694,695,695,695,696,0,0,0,0,0,0,0,0,0,0,0,0,0,0,0,0,0,0,0,0,0,0,0,0,694,695,696,0,0,0,0,0,0,0,0,0,0,0,0,0,0,0,0,694,695,695,695,696,0,0,0,0,0,0,0,0,0,0,0,0,0,0,0,0,0,0,0,0,0,0,0,694,695,696,0,0,0,0,0,0,0,0,0,0,0,0,0,0,0,0,694,695,695,695,696,0,0,0,0,0,0,0,0,0,0,0,0,0,0,0,0,0,0,0,0,0,314,0,661,662,663,0,0,0,0,0,0,0,0,0,0,
0,0,0,0,0,0,0,0,0,0,0,0,0,0,0,0,0,0,0,0,0,0,0,0,0,0,694,695,695,695,696,0,0,0,0,0,0,0,0,0,0,0,0,0,0,0,0,0,0,0,0,0,0,0,0,694,695,696,0,0,0,0,0,0,0,0,0,0,0,0,0,0,0,0,0,0,0,0,0,0,0,2,2,2,2,2,2,2,2,0,0,0,2,2,2,25,0,0,0,0,0,0,0,0,0,0,0,0,0,0,25,0,0,0,0,0,0,0,0,0,0,0,2,2,2,0,0,0,0,2,25,25,2,0,0,0,0,0,0,0,0,0,0,0,0,0,0,0,0,0,0,0,0,0,0,0,0,0,0,0,0,0,0,0,0,0,0,0,0,0,0,0,0,0,0,0,0,0,0,0,0,0,0,0,0,0,0,34,34,0,0,0,0,0,0,0,0,314,0,694,695,696,0,0,0,0,0,0,0,0,0,0,
0,0,0,0,0,0,0,0,0,0,0,0,0,0,0,0,0,0,0,0,0,0,25,0,0,0,0,0,0,0,0,0,0,0,0,0,0,0,0,0,0,0,0,0,0,0,0,0,0,0,0,0,0,0,0,0,0,0,0,0,0,0,0,0,0,0,0,0,0,0,0,0,0,0,0,0,0,0,0,0,0,0,0,0,0,0,0,0,0,0,0,0,0,0,0,0,0,0,0,0,0,0,0,0,0,0,0,0,0,0,0,0,0,0,0,0,0,0,0,0,0,0,0,0,0,0,0,0,0,0,0,0,0,0,0,0,0,0,0,0,0,0,0,0,0,0,0,0,0,0,0,0,0,0,0,0,0,0,0,0,0,0,0,0,0,0,0,0,0,0,0,0,0,0,0,0,0,0,0,0,0,0,0,0,0,0,34,34,34,0,0,0,0,0,0,0,0,314,0,0,0,0,0,0,0,0,0,0,0,0,0,0,
0,0,0,0,0,0,0,0,0,0,0,0,0,0,0,0,0,0,0,0,0,0,0,0,0,0,0,0,0,0,0,0,0,0,0,0,0,0,0,0,0,0,0,0,0,0,0,0,0,0,0,0,0,0,0,0,0,0,0,0,0,0,0,0,0,0,0,0,0,0,0,0,0,0,0,0,0,0,0,0,0,0,0,0,0,0,0,0,0,0,0,0,0,0,0,0,0,0,0,0,0,0,0,0,0,0,0,0,0,0,0,0,0,0,0,0,0,0,0,0,0,0,0,0,0,0,0,0,0,0,0,0,0,0,0,0,0,0,0,0,0,0,0,0,0,0,0,0,0,0,0,0,0,0,0,0,0,0,0,0,0,0,0,0,0,0,0,0,0,0,0,0,0,0,0,0,0,0,0,0,0,0,0,0,0,34,34,34,34,0,0,0,0,0,0,0,0,314,0,0,0,0,12,12,12,0,0,0,0,0,0,0,
0,0,0,0,0,0,0,0,0,0,0,0,0,0,0,0,0,0,0,0,0,0,0,0,0,0,0,0,0,0,0,0,0,0,0,0,0,0,0,0,0,0,0,0,0,0,0,0,0,0,0,0,0,0,0,0,0,0,0,0,0,0,0,0,0,0,0,0,0,0,0,0,0,0,0,0,0,0,0,0,0,0,0,0,0,0,0,0,0,0,0,0,0,0,0,0,0,0,0,0,0,0,0,0,0,0,0,0,0,0,0,0,0,0,0,0,0,0,0,0,0,0,0,0,0,0,0,0,0,0,0,0,0,0,0,0,0,0,0,0,0,0,0,0,0,0,0,0,0,0,0,0,0,0,0,0,0,0,0,0,0,0,0,0,0,0,0,0,0,0,0,0,0,0,0,0,0,0,0,0,0,0,0,0,34,34,34,34,34,0,0,0,0,0,0,0,0,314,0,0,0,0,13,13,14,0,0,0,0,0,0,0,
0,0,0,0,0,0,0,0,0,0,0,0,0,0,0,0,0,0,0,0,0,0,0,0,0,0,0,0,0,0,0,0,0,0,0,0,0,0,0,0,0,0,0,0,0,265,266,0,0,0,0,0,0,0,0,0,265,266,0,0,0,0,0,0,0,0,0,0,0,0,0,0,0,0,0,0,0,0,2,25,2,0,0,0,0,0,0,0,0,0,0,0,0,0,0,2,0,0,0,0,0,2,2,0,0,0,0,25,0,0,25,0,0,25,0,0,0,0,0,2,0,0,0,0,0,0,0,0,0,0,2,2,0,0,0,0,0,34,0,0,34,0,0,0,0,0,0,0,0,0,0,34,34,0,0,34,0,0,0,0,0,0,0,0,0,0,0,0,2,2,25,2,0,0,0,0,0,0,0,0,0,0,0,34,34,34,34,34,34,0,0,0,0,0,0,0,0,314,0,0,0,12,45,45,45,12,0,0,0,0,0,0,
0,0,274,0,0,0,0,0,0,0,0,0,0,0,0,0,25,0,0,0,2,25,2,25,2,0,0,0,0,0,0,0,0,0,0,0,0,265,266,0,0,0,0,0,0,298,299,0,0,274,0,0,0,0,0,0,298,299,0,0,0,0,0,0,0,0,0,0,0,0,0,0,0,0,0,0,0,0,0,0,0,0,0,0,0,0,0,0,0,0,0,0,0,0,0,0,0,0,0,274,0,0,0,0,0,0,0,0,0,0,0,0,0,0,0,0,0,0,0,0,0,0,0,0,0,0,0,0,0,0,0,0,0,0,0,0,34,34,0,0,34,34,0,0,0,0,274,0,0,0,34,34,34,0,0,34,34,0,0,0,0,0,0,0,0,0,0,0,0,0,0,0,0,0,0,0,0,0,0,0,0,0,34,34,34,34,34,34,34,0,0,0,0,274,0,0,0,314,0,0,0,14,14,46,14,14,0,0,0,0,0,0,
0,273,306,275,0,0,0,0,0,0,0,0,0,0,0,0,0,274,0,0,0,0,0,0,0,0,0,265,266,0,0,0,0,0,0,0,0,298,299,0,0,0,0,0,0,298,299,0,273,306,275,0,0,0,0,0,298,299,0,0,0,0,0,0,274,0,0,0,0,0,0,0,0,0,0,0,0,0,0,0,0,0,0,0,0,0,0,0,0,0,0,0,0,0,0,0,0,0,273,306,275,0,0,0,0,0,0,0,0,0,0,0,0,0,274,0,0,0,0,0,0,0,0,0,0,0,0,0,0,0,0,0,0,0,0,34,34,34,0,0,34,34,34,0,0,273,306,275,0,34,34,34,34,0,0,34,34,34,0,0,0,274,0,265,266,0,0,0,0,0,0,0,0,0,0,0,0,0,331,332,0,34,34,34,34,34,34,34,34,0,0,0,273,306,275,0,0,314,0,0,0,14,13,47,15,14,0,0,274,0,0,0,
273,306,307,308,275,0,0,0,0,0,0,309,310,310,310,311,273,306,275,0,0,0,0,309,310,311,0,298,299,0,0,0,0,0,0,0,0,298,299,0,309,310,310,311,0,298,299,273,306,307,308,275,0,0,0,0,298,299,309,310,310,310,311,273,306,275,0,0,0,0,0,309,310,311,0,0,0,0,0,0,0,0,0,0,0,0,0,0,0,0,309,310,310,311,0,0,0,273,306,307,308,275,0,0,0,0,0,0,309,310,310,310,311,273,306,275,0,0,0,0,309,310,311,0,0,0,0,0,0,0,0,0,0,0,34,34,34,34,310,310,34,34,34,34,273,306,307,308,34,34,34,34,34,0,0,34,34,34,34,311,273,306,275,298,299,0,0,375,376,377,0,0,0,0,0,0,0,0,364,365,34,34,34,34,34,34,34,34,34,0,0,273,306,307,308,275,0,34,0,0,0,14,13,47,15,14,311,273,306,275,0,0,
1,1,1,1,1,1,1,1,1,1,1,1,1,1,1,1,1,1,1,1,1,1,1,1,1,1,1,1,1,1,1,1,1,1,1,1,1,1,1,1,1,1,1,1,1,1,1,1,1,1,1,1,1,1,1,1,1,1,1,1,1,1,1,1,1,1,1,1,1,0,0,1,1,1,1,1,1,1,1,1,1,1,1,1,1,1,1,0,0,0,1,1,1,1,1,1,1,1,1,1,1,1,1,1,1,1,1,1,1,1,1,1,1,1,1,1,1,1,1,1,1,1,1,1,1,1,1,1,1,1,1,1,1,1,1,1,1,1,1,1,1,1,1,1,1,1,1,1,1,1,1,1,1,0,0,1,1,1,1,1,1,1,1,1,1,1,1,1,1,1,1,1,1,1,1,1,1,1,1,1,1,1,1,1,1,1,1,1,1,1,1,1,1,1,1,1,1,1,1,1,1,1,1,1,1,1,1,1,1,1,1,1,
1,1,1,1,1,1,1,1,1,1,1,1,1,1,1,1,1,1,1,1,1,1,1,1,1,1,1,1,1,1,1,1,1,1,1,1,1,1,1,1,1,1,1,1,1,1,1,1,1,1,1,1,1,1,1,1,1,1,1,1,1,1,1,1,1,1,1,1,1,0,0,1,1,1,1,1,1,1,1,1,1,1,1,1,1,1,1,0,0,0,1,1,1,1,1,1,1,1,1,1,1,1,1,1,1,1,1,1,1,1,1,1,1,1,1,1,1,1,1,1,1,1,1,1,1,1,1,1,1,1,1,1,1,1,1,1,1,1,1,1,1,1,1,1,1,1,1,1,1,1,1,1,1,0,0,1,1,1,1,1,1,1,1,1,1,1,1,1,1,1,1,1,1,1,1,1,1,1,1,1,1,1,1,1,1,1,1,1,1,1,1,1,1,1,1,1,1,1,1,1,1,1,1,1,1,1,1,1,1,1,1,1

[marioStand]
# mario_stand
type=1
location=0,12,69,1

[marioStand]
# mario_stand
type=1
location=71,12,16,1

[marioStand]
# mario_stand
type=1
location=90,12,63,1

[marioStand]
# mario_stand
type=1
location=155,12,57,1

[Pipe]
# pipe
type=2
location=27,10,2,2

[Pipe]
# pipe
type=2
location=37,9,2,3

[Pipe]
# pipe
type=2
location=45,8,2,4

[Pipe]
# pipe
type=2
location=56,8,2,4

[Pipe]
# pipe
type=2
location=163,10,2,2

[Pipe]
# pipe
type=2
location=178,10,2,2

[Brick]
# brick
type=3
location=20,9,1,1

[Brick]
# brick
type=3
location=22,9,1,1

[Brick]
# brick
type=3
location=24,9,1,1

[Brick]
# brick
type=3
location=78,8,1,1

[Brick]
# brick
type=3
location=80,8,1,1

[Brick]
# brick
type=3
location=81,4,1,1

[Brick]
# brick
type=3
location=82,4,1,1

[Brick]
# brick
type=3
location=83,4,1,1

[Brick]
# brick
type=3
location=84,4,1,1

[Brick]
# brick
type=3
location=85,4,1,1

[Brick]
# brick
type=3
location=86,4,1,1

[Brick]
# brick
type=3
location=87,4,1,1

[Brick]
# brick
type=3
location=88,4,1,1

[Brick]
# brick
type=3
location=92,4,1,1

[Brick]
# brick
type=3
location=93,4,1,1

[Brick]
# brick
type=3
location=94,4,1,1

[Brick]
# brick
type=3
location=95,8,1,1

[Brick]
# brick
type=3
location=101,8,1,1

[Brick]
# brick
type=3
location=102,8,1,1

[Brick]
# brick
type=3
location=119,8,1,1

[Brick]
# brick
type=3
location=122,4,1,1

[Brick]
# brick
type=3
location=123,4,1,1

[Brick]
# brick
type=3
location=124,4,1,1

[Brick]
# brick
type=3
location=129,4,1,1

[Brick]
# brick
type=3
location=132,4,1,1

[Brick]
# brick
type=3
location=130,8,1,1

[Brick]
# brick
type=3
location=131,8,1,1

[Brick]
# brick
type=3
location=168,8,1,1

[Brick]
# brick
type=3
location=169,8,1,1

[Brick]
# brick
type=3
location=171,8,1,1

[BoxMoney]
# boxmoney
type=4
location=16,9,1,1

[BoxMoney]
# boxmoney
type=4
location=22,5,1,1

[BoxMoney]
# boxmoney
type=4
location=21,9,1,1

[BoxMoney]
# boxmoney
type=4
location=23,9,1,1

[BoxMoney]
# boxmoney
type=4
location=79,8,1,1

[BoxMoney]
# boxmoney
type=4
location=95,4,1,1

[BoxMoney]
# boxmoney
type=4
location=107,8,1,1

[BoxMoney]
# boxmoney
type=4
location=110,4,1,1

[BoxMoney]
# boxmoney
type=4
location=110,8,1,1

[BoxMoney]
# boxmoney
type=4
location=113,8,1,1

[BoxMoney]
# boxmoney
type=4
location=130,4,1,1

[BoxMoney]
# boxmoney
type=4
location=131,4,1,1

[BoxMoney]
# boxmoney
type=4
location=170,8,1,1

[Stairs]
# stair
type=5
location=134,11,1,1

[Stairs]
# stair
type=5
location=135,10,1,1

[Stairs]
# stair
type=5
location=136,9,1,1

[Stairs]
# stair
type=5
location=137,8,1,4

[Stairs]
# stair
type=5
location=140,8,1,4

[Stairs]
# stair
type=5
location=141,9,1,1

[Stairs]
# stair
type=5
location=142,10,1,1

[Stairs]
# stair
type=5
location=143,11,1,1

[Stairs]
# stair
type=5
location=148,11,1,1

[Stairs]
# stair
type=5
location=149,10,1,1

[Stairs]
# stair
type=5
location=150,9,1,1

[Stairs]
# stair
type=5
location=151,8,2,4

[Stairs]
# stair
type=5
location=155,8,1,4

[Stairs]
# stair
type=5
location=156,9,1,1

[Stairs]
# stair
type=5
location=157,10,1,1

[Stairs]
# stair
type=5
location=158,11,1,1

[Stairs]
# stair
type=5
location=180,11,1,1

[Stairs]
# stair
type=5
location=181,10,1,1

[Stairs]
# stair
type=5
location=182,9,1,1

[Stairs]
# stair
type=5
location=183,8,1,1

[Stairs]
# stair
type=5
location=184,7,1,1

[Stairs]
# stair
type=5
location=185,6,1,1

[Stairs]
# stair
type=5
location=186,5,1,1

[Stairs]
# stair
type=5
location=187,4,2,8

[Stairs]
# stair
type=5
location=197,11,1,1

[EnemyFlower]
# flower
type=6
location=27,8,1,1

[EnemyFlower]
# flower
type=6
location=37,7,1,1

[EnemyFlower]
# flower
type=6
location=45,6,1,1

[EnemyFlower]
# flower
type=6
location=56,6,1,1

[EnemyFlower]
# flower
type=6
location=163,8,1,1

[EnemyFlower]
# flower
type=6
location=178,8,1,1

[EnemyMushRoom]
# mushroom
type=7
location=29,11,1,1

[EnemyMushRoom]
# mushroom
type=7
location=47,11,1,1

[EnemyMushRoom]
# mushroom
type=7
location=58,11,1,1

[EnemyMushRoom]
# mushroom
type=7
location=75,11,1,1

[EnemyMushRoom]
# mushroom
type=7
location=94,11,1,1

[EnemyMushRoom]
# mushroom
type=7
location=109,11,1,1

[EnemyMushRoom]
# mushroom
type=7
location=131,11,1,1

[EnemyMushRoom]
# mushroom
type=7
location=166,11,1,1

[EnemyMushRoom]
# mushroom
type=7
location=21,11,1,1

[EnemyTurtle]
# turtle
type=8
location=15,10,0,1

[EnemyTurtle]
# turtle
type=8
location=39,10,0,1

[EnemyTurtle]
# turtle
type=8
location=53,10,0,1

[EnemyTurtle]
# turtle
type=8
location=63,10,0,1

[EnemyTurtle]
# turtle
type=8
location=79,10,0,1

[EnemyTurtle]
# turtle
type=8
location=99,10,0,1

[EnemyTurtle]
# turtle
type=8
location=118,10,0,1

[EnemyTurtle]
# turtle
type=8
location=145,10,0,1

[EnemyTurtle]
# turtle
type=8
location=160,10,0,1

[EnemyTurtle]
# turtle
type=8
location=173,10,0,1

[Flag]
# flag
type=9
location=197,3,0,7

[House]
# house
type=10
location=202,9,2,1

